# 4 Comparator Combination
#
.i 12
.o 3
.ilb G1 E1 L1 G2 E2 L2 G3 E3 L3 G4 E4 L4
.ob G E L
001001001001 001
001001001010 001
001001001100 001
001001010001 001
001001010010 001
001001010100 001
001001100001 001
001001100010 001
001001100100 001
001010001001 001
001010001010 001
001010001100 001
001010010001 001
001010010010 001
001010010100 001
001010100001 001
001010100010 001
001010100100 001
001100001001 001
001100001010 001
001100001100 001
001100010001 001
001100010010 001
001100010100 001
001100100001 001
001100100010 001
001100100100 001
010001001001 001
010001001010 001
010001001100 001
010001010001 001
010001010010 001
010001010100 001
010001100001 001
010001100010 001
010001100100 001
010010001001 001
010010001010 001
010010001100 001
010010010001 001
010010010010 010
010010010100 100
010010100001 100
010010100010 100
010010100100 100
010100001001 100
010100001010 100
010100001100 100
010100010001 100
010100010010 100
010100010100 100
010100100001 100
010100100010 100
010100100100 100
100001001001 100
100001001010 100
100001001100 100
100001010001 100
100001010010 100
100001010100 100
100001100001 100
100001100010 100
100001100100 100
100010001001 100
100010001010 100
100010001100 100
100010010001 100
100010010010 100
100010010100 100
100010100001 100
100010100010 100
100010100100 100
100100001001 100
100100001010 100
100100001100 100
100100010001 100
100100010010 100
100100010100 100
100100100001 100
100100100010 100
100100100100 100
.e
